1|1|31
1|2|25
1|3|24
1|4|26
1|5|32
1|6|22
1|7|24
1|8|22
1|9|29
1|10|32
1|11|32
1|12|20
1|13|18
1|14|24
1|15|21
1|16|16
1|17|27
1|18|33
1|19|38
1|20|18
1|21|34
1|22|24
1|23|20
1|24|67
1|25|34
1|26|35
1|27|46
1|28|22
1|29|35
1|30|43
1|31|55
1|32|32
1|33|20
1|34|31
1|35|29
1|36|43
1|37|36
1|38|30
1|39|23
1|40|23
1|41|57
1|42|38
1|43|34
1|44|34
1|45|28
1|46|34
1|47|31
1|48|22
1|49|33
1|50|26
2|1|22
2|2|25
2|3|22
2|4|31
2|5|23
2|6|30
2|7|25
2|8|32
2|9|35
2|10|29
2|11|10
2|12|51
2|13|22
2|14|31
2|15|27
2|16|36
2|17|16
2|18|27
2|19|25
2|20|26
2|21|36
2|22|31
2|23|33
2|24|18
2|25|40
2|26|37
2|27|21
2|28|43
2|29|46
2|30|38
2|31|18
2|32|35
2|33|23
2|34|35
2|35|35
2|36|38
2|37|29
2|38|31
2|39|43
2|40|38
3|1|17
3|2|16
3|3|17
3|4|35
3|5|19
3|6|30
3|7|38
3|8|36
3|9|24
3|10|20
3|11|47
3|12|8
3|13|59
3|14|57
3|15|33
3|16|34
3|17|16
3|18|30
3|19|37
3|20|27
3|21|24
3|22|33
3|23|44
3|24|23
3|25|55
3|26|46
3|27|34
4|1|54
4|2|34
4|3|51
